Size =
1 2 4 7 12 23 39 67 118 204 343 592 1001 1693 2857 4806 8045 13467 22464 37396 62194 103246 170963 282828 467224 770832 1270267 2091030 3437839 5646773 9266788 15195070 24896206 40761087 66687201 109032500 178158289 290939807 474851445 774614284 1262992840 2058356522 3353191846 5460401576 8888486816 14463633648 23527845502 38260496374 62200036752 101090300128 164253200784 266815155103 433317458741 703569992121 1142140736859 1853737832107 3008140981820 4880606790010 7917344087695 12841603251351 20825558002053 33768763536686 54749244915730 88754191073328 143863484925550 233166577125714 377866907506273
LD_LIBRARY_PATH=/home/hivert/lib/cilk/lib/ ./mon_no_fence_67 --nproc 32 17176612.39s user 34318218.32s system 2861% cpu 499:54:39.55 total

Size = 1 2 4 7 12 23 39 67 118 204 343 592 1001 1693 2857 4806 8045 13467 22464 37396 62194 103246 170963 282828 467224 770832 1270267 2091030 3437839 5646773 9266788 15195070 24896206 40761087 66687201 109032500 178158289 290939807 474851445 774614284 1262992840 2058356522 3353191846 5460401576 8888486816 14463633648 23527845502 38260496374 62200036752 101090300128 164253200784 266815155103 433317458741 703569992121 1142140736859 1853737832107 3008140981820 4880606790010 7917344087695 12841603251351 20825558002053 33768763536686 54749244915730 88754191073328 143863484925550
LD_LIBRARY_PATH=/home/hivert/lib/cilk/lib/ ./mon_no_fence_65 --nproc 32 17177083.91s user 2293695.52s system 2381% cpu 227:03:43.59 total

Size = 1 2 4 7 12 23 39 67 118 204 343 592 1001 1693 2857 4806 8045 13467 22464 37396 62194 103246 170963 282828 467224 770832 1270267 2091030 3437839 5646773 9266788 15195070 24896206 40761087 66687201 109032500 178158289 290939807 474851445 774614284 1262992840 2058356522 3353191846 5460401576 8888486816 14463633648 23527845502 38260496374 62200036752 101090300128 164253200784 266815155103 433317458741 703569992121 1142140736859 1853737832107 3008140981820 4880606790010 7917344087695 12841603251351
LD_LIBRARY_PATH=/home/hivert/lib/cilk/lib/ ./monbug --nproc 32 1783632.45s user 81.33s system 2252% cpu 21:59:34.60 total

[(0, 1), (1, 1), (2, 2), (3, 4), (4, 7), (5, 12), (6, 23), (7, 39), (8, 67), (9, 118),
(10, 204), (11, 343), (12, 592), (13, 1001), (14, 1693), (15, 2857), (16,
4806), (17, 8045), (18, 13467), (19, 22464), (20, 37396), (21, 62194), (22,
103246), (23, 170963), (24, 282828), (25, 467224), (26, 770832), (27,
1270267), (28, 2091030), (29, 3437839), (30, 5646773), (31, 9266788), (32,
15195070), (33, 24896206), (34, 40761087), (35, 66687201), (36, 109032500),
(37, 178158289), (38, 290939807), (39, 474851445), (40, 774614284), (41,
1262992840), (42, 2058356522), (43, 3353191846), (44, 5460401576), (45,
8888486816), (46, 14463633648), (47, 23527845502), (48, 38260496374), (49,
62200036752), (50, 101090300128), (51, 164253200784), (52, 266815155103), (53,
433317458741), (54, 703569992121), (55, 1142140736859), (56, 1853737832107),
(57, 3008140981820), (58, 4880606790010), (59, 7917344087695), (60,
12841603251351), (61, 20825558002053), (62, 33768763536686), (63,
54749244915730), (64, 88754191073328), (65, 143863484925550), (66,
233166577125714), (67, 377866907506273), (68, 612309308257800),
(69, 992121118414851), (70, 1607394814170158)]

Total = 986468821112943



